1 9 0 1 2 3 4 5 6 7 177 
1 7 19 20 21 22 142 143 144 
1 6 28 29 30 31 32 166 
1 9 43 44 45 46 47 48 33 34 35 
1 9 72 73 74 49 50 51 52 53 54 
1 6 82 83 84 62 63 64 
1 10 93 94 95 96 97 98 99 100 78 79 
1 8 118 119 120 121 122 123 124 117 
1 5 113 114 115 116 145 
1 5 140 141 85 86 87 
1 6 154 155 156 157 158 159 
1 5 163 164 165 178 179 
1 7 175 176 8 9 10 11 12 
1 10 75 76 77 129 130 131 132 133 134 135 
1 11 125 126 127 128 55 56 57 58 59 60 61 
1 9 101 102 103 104 105 106 107 180 181 
1 6 23 24 169 170 171 172 
1 5 167 168 108 109 110 
1 6 88 89 136 137 138 139 
1 6 25 26 27 69 70 71 
1 7 146 147 148 149 150 111 112 
1 7 80 81 38 39 40 41 42 
1 6 65 66 67 68 173 174 
1 9 13 14 15 16 17 18 90 91 92 
1 7 160 161 162 182 183 184 185 
1 5 36 37 151 152 153 
