1 8 98 99 65 66 67 68 69 70 
1 7 130 131 132 133 89 90 91 
1 9 0 1 2 3 4 5 6 187 188 
1 9 62 63 64 158 159 160 161 162 163 
1 8 16 17 149 150 151 152 153 154 
1 8 155 156 157 37 38 39 40 41 
1 7 134 135 80 81 82 83 84 
1 7 77 78 79 103 104 105 106 
1 9 32 33 34 35 36 126 127 128 129 
1 7 177 178 179 180 181 96 97 
1 9 136 137 138 139 42 43 44 45 46 
1 7 85 86 87 88 164 165 166 
1 9 47 48 49 50 51 52 107 108 109 
1 7 120 121 122 92 93 94 95 
1 8 18 19 20 21 189 190 191 192 
1 9 100 101 102 71 72 73 74 75 76 
1 9 140 141 142 143 144 145 29 30 31 
1 8 22 23 24 195 196 197 198 199 
1 6 123 124 125 200 201 202 
1 8 182 183 184 185 186 59 60 61 
1 9 7 8 9 10 11 12 167 168 169 
1 8 53 54 55 56 57 58 193 194 
1 7 25 26 27 28 110 111 112 
1 10 146 147 148 113 114 115 116 117 118 119 
1 10 13 14 15 170 171 172 173 174 175 176 
