1 6 8 9 10 11 103 104 
1 8 32 33 34 35 36 37 41 42 
1 6 135 136 137 38 39 40 
1 9 58 59 60 61 62 63 64 43 44 
1 9 109 110 111 112 113 114 147 148 149 
1 6 0 1 2 3 22 23 
1 9 115 116 117 118 119 120 87 88 89 
1 8 77 78 79 80 81 82 85 86 
1 13 97 98 99 100 101 102 150 151 152 153 154 133 134 
1 14 138 139 140 141 45 46 47 90 91 92 93 94 95 96 
1 12 12 13 14 83 84 121 122 123 124 125 126 127 
1 12 65 66 67 68 69 70 71 72 73 74 75 76 
1 12 15 16 17 18 19 20 21 128 129 130 131 132 
1 9 4 5 6 7 155 156 157 158 159 
1 14 105 106 107 108 48 49 50 51 52 53 54 55 56 57 
1 13 142 143 144 145 146 24 25 26 27 28 29 30 31 
